rho = 1000;
vol = 16000;
b = 3.5;

V1 = 21.57;
V2 = 16.91;

R1 = .0105*(2*vol/b)*(V1^(1.83))*4.448;
V = 11.1;
cda1 = R1/rho/V1/V1

R2 = .0110*(2*vol/b)*(V2^(1.83))*4.448;
V2 = 8.7;
cda2 = R2/rho/V2/V2
